1650447432234 0.9984665936473165 0
1650447432245 0.9984665936473165 0
1650447432266 0.9984665936473165 0
1650447432302 0.9984665936473165 0
1650447432338 0.9984665936473165 0
1650447432391 0.9984665936473165 0
1650447432431 0.9984665936473165 0
1650447432480 0.9984665936473165 0
1650447432525 0.9984665936473165 0
1650447432557 0.9984665936473165 0
1650447432584 0.9984665936473165 0
1650447432628 0.9984665936473165 0
1650447432654 0.9984665936473165 0
1650447432715 0.9984665936473165 0
1650447432734 0.9984665936473165 0
1650447432777 0.9984665936473165 0
1650447432789 0.9984665936473165 0
1650447432805 0.9984665936473165 0
1650447432816 0.9984665936473165 0
1650447432829 0.9984665936473165 0
1650447432838 0.9984665936473165 0
1650447432850 0.9984665936473165 0
1650447432860 0.9984665936473165 0
1650447432871 0.9984665936473165 0
1650447432881 0.9984665936473165 0
1650447432950 0.9984665936473165 0
1650447433000 0.9984665936473165 0
1650447433017 0.9984665936473165 0
1650447433028 0.9984665936473165 0
1650447433038 0.9984665936473165 0
1650447433048 0.9984665936473165 0
1650447433058 0.9984665936473165 0
1650447433070 0.9984665936473165 0
1650447433081 0.9984665936473165 0
1650447433091 0.9984665936473165 0
1650447433130 0.9984665936473165 0
1650447433160 0.9984665936473165 0
1650447433229 0.9984665936473165 0
1650447433290 0.9984665936473165 0
1650447433314 0.9984665936473165 0
