1650447419046 0.9985980284775465 0
1650447419076 0.9985980284775465 0
1650447419122 0.9985980284775465 0
1650447419132 0.9985980284775465 0
1650447419156 0.9985980284775465 0
1650447419175 0.9985980284775465 0
1650447419193 0.9985980284775465 0
1650447419204 0.9985980284775465 0
1650447419218 0.9985980284775465 0
1650447419227 0.9985980284775465 0
1650447419241 0.9985980284775465 0
1650447419265 0.9985980284775465 0
1650447419274 0.9985980284775465 0
1650447419289 0.9985980284775465 0
1650447419312 0.9985980284775465 0
1650447419325 0.9985980284775465 0
1650447419340 0.9985980284775465 0
1650447419359 0.9985980284775465 0
1650447419372 0.9985980284775465 0
1650447419387 0.9985980284775465 0
1650447419410 0.9985980284775465 0
1650447419420 0.9985980284775465 0
1650447419501 0.9985980284775465 0
1650447419542 0.9985980284775465 0
1650447419574 0.9985980284775465 0
1650447419687 0.9985980284775465 0
1650447419762 0.9985980284775465 0
1650447419779 0.9985980284775465 0
1650447419807 0.9985980284775465 0
1650447419822 0.9985980284775465 0
1650447419834 0.9985980284775465 0
1650447419843 0.9985980284775465 0
1650447419869 0.9985980284775465 0
1650447419879 0.9985980284775465 0
1650447419887 0.9985980284775465 0
1650447419902 0.9985980284775465 0
1650447419924 0.9985980284775465 0
1650447419940 0.9985980284775465 0
1650447419965 0.9985980284775465 0
1650447420028 0.9985980284775465 0
