1650447363135 0.9987732749178533 0
1650447363158 0.9987732749178533 0
1650447363202 0.9987732749178533 0
1650447363239 0.9987732749178533 0
1650447363300 0.9987732749178533 0
1650447363339 0.9987732749178533 0
1650447363401 0.9987732749178533 0
1650447363434 0.9987732749178533 0
1650447363455 0.9987732749178533 0
1650447363474 0.9987732749178533 0
1650447363485 0.9987732749178533 0
1650447363494 0.9987732749178533 0
1650447363518 0.9987732749178533 0
1650447363527 0.9987732749178533 0
1650447363551 0.9987732749178533 0
1650447363567 0.9987732749178533 0
1650447363603 0.9987732749178533 0
1650447363616 0.9987732749178533 0
1650447363625 0.9987732749178533 0
1650447363636 0.9987732749178533 0
1650447363646 0.9987732749178533 0
1650447363656 0.9987732749178533 0
1650447363670 0.9987732749178533 0
1650447363684 0.9987732749178533 0
1650447363694 0.9987732749178533 0
1650447363709 0.9987732749178533 0
1650447363720 0.9987732749178533 0
1650447363731 0.9987732749178533 0
1650447363741 0.9987732749178533 0
1650447363752 0.9987732749178533 0
1650447363763 0.9987732749178533 0
1650447363777 0.9987732749178533 0
1650447363790 0.9987732749178533 0
1650447363835 0.9987732749178533 0
1650447363848 0.9987732749178533 0
1650447363859 0.9987732749178533 0
1650447363874 0.9987732749178533 0
1650447363890 0.9987732749178533 0
1650447363937 0.9987732749178533 0
1650447363984 0.9987732749178533 0
