1650447428401 0.9977656078860898 0
1650447428459 0.9977656078860898 0
1650447428543 0.9977656078860898 0
1650447428593 0.9977656078860898 0
1650447428764 0.9977656078860898 0
1650447428812 0.9977656078860898 0
1650447428857 0.9977656078860898 0
1650447428919 0.9977656078860898 0
1650447428966 0.9977656078860898 0
1650447429032 0.9977656078860898 0
1650447429113 0.9977656078860898 0
1650447429284 0.9977656078860898 0
1650447429336 0.9977656078860898 0
1650447429382 0.9977656078860898 0
1650447429431 0.9977656078860898 0
1650447429480 0.9977656078860898 0
1650447429536 0.9977656078860898 0
1650447429619 0.9977656078860898 0
1650447429681 0.9977656078860898 0
1650447429727 0.9977656078860898 0
1650447429793 0.9977656078860898 0
1650447429833 0.9977656078860898 0
1650447429858 0.9977656078860898 0
1650447429870 0.9977656078860898 0
1650447429881 0.9977656078860898 0
1650447429895 0.9977656078860898 0
1650447429922 0.9977656078860898 0
1650447429941 0.9977656078860898 0
1650447429964 0.9977656078860898 0
1650447429977 0.9977656078860898 0
1650447429989 0.9977656078860898 0
1650447430035 0.9977656078860898 0
1650447430050 0.9977656078860898 0
1650447430062 0.9977656078860898 0
1650447430074 0.9977656078860898 0
1650447430089 0.9977656078860898 0
1650447430108 0.9977656078860898 0
1650447430122 0.9977656078860898 0
1650447430190 0.9977656078860898 0
1650447430264 0.9977656078860898 0
