1650447383442 0.9989485213581599 0
1650447384148 0.9989485213581599 0
1650447384203 0.9989485213581599 0
1650447384634 0.9989485213581599 0
1650447384714 0.9989485213581599 0
1650447385273 0.9989485213581599 0
1650447385325 0.9989485213581599 0
1650447385476 0.9989485213581599 0
1650447385556 0.9989485213581599 0
1650447385605 0.9989485213581599 0
1650447385702 0.9989485213581599 0
1650447385876 0.9989485213581599 0
1650447385912 0.9989485213581599 0
1650447385965 0.9989485213581599 0
1650447386232 0.9989485213581599 0
1650447386273 0.9989485213581599 0
1650447386317 0.9989485213581599 0
1650447386361 0.9989485213581599 0
1650447386536 0.9989485213581599 0
1650447386585 0.9989485213581599 0
1650447386790 0.9989485213581599 0
1650447386831 0.9989485213581599 0
1650447386874 0.9989485213581599 0
1650447386984 0.9989485213581599 0
1650447387292 0.9989485213581599 0
1650447387346 0.9989485213581599 0
1650447387574 0.9989485213581599 0
1650447387884 0.9989485213581599 0
1650447387918 0.9989485213581599 0
1650447387969 0.9989485213581599 0
1650447388290 0.9989485213581599 0
1650447388352 0.9989485213581599 0
1650447388848 0.9989485213581599 0
1650447389037 0.9989485213581599 0
1650447389090 0.9989485213581599 0
1650447389376 0.9989485213581599 0
1650447389738 0.9989485213581599 0
1650447389930 0.9989485213581599 0
1650447389980 0.9989485213581599 0
1650447390239 0.9989485213581599 0
