1650447365239 0.99907995618839 0
1650447365295 0.99907995618839 0
1650447365330 0.99907995618839 0
1650447365356 0.99907995618839 0
1650447365382 0.99907995618839 0
1650447365391 0.99907995618839 0
1650447365410 0.99907995618839 0
1650447365485 0.99907995618839 0
1650447365509 0.99907995618839 0
1650447365519 0.99907995618839 0
1650447365528 0.99907995618839 0
1650447365538 0.99907995618839 0
1650447365547 0.99907995618839 0
1650447365574 0.99907995618839 0
1650447365584 0.99907995618839 0
1650447365598 0.99907995618839 0
1650447365619 0.99907995618839 0
1650447365637 0.99907995618839 0
1650447365647 0.99907995618839 0
1650447365656 0.99907995618839 0
1650447365666 0.99907995618839 0
1650447365675 0.99907995618839 0
1650447365689 0.99907995618839 0
1650447365710 0.99907995618839 0
1650447365732 0.99907995618839 0
1650447365746 0.99907995618839 0
1650447365756 0.99907995618839 0
1650447365766 0.99907995618839 0
1650447365777 0.99907995618839 0
1650447365792 0.99907995618839 0
1650447365805 0.99907995618839 0
1650447365815 0.99907995618839 0
1650447365825 0.99907995618839 0
1650447365845 0.99907995618839 0
1650447365855 0.99907995618839 0
1650447365876 0.99907995618839 0
1650447365891 0.99907995618839 0
1650447365901 0.99907995618839 0
1650447365919 0.99907995618839 0
1650447365930 0.99907995618839 0
