1650447381160 0.9990361445783132 0
1650447381190 0.9990361445783132 0
1650447381217 0.9990361445783132 0
1650447381231 0.9990361445783132 0
1650447381242 0.9990361445783132 0
1650447381261 0.9990361445783132 0
1650447381277 0.9990361445783132 0
1650447381294 0.9990361445783132 0
1650447381305 0.9990361445783132 0
1650447381318 0.9990361445783132 0
1650447381349 0.9990361445783132 0
1650447381361 0.9990361445783132 0
1650447381394 0.9990361445783132 0
1650447381408 0.9990361445783132 0
1650447381422 0.9990361445783132 0
1650447381460 0.9990361445783132 0
1650447381474 0.9990361445783132 0
1650447381501 0.9990361445783132 0
1650447381524 0.9990361445783132 0
1650447381540 0.9990361445783132 0
1650447381563 0.9990361445783132 0
1650447381598 0.9990361445783132 0
1650447381626 0.9990361445783132 0
1650447381637 0.9990361445783132 0
1650447381648 0.9990361445783132 0
1650447381658 0.9990361445783132 0
1650447381669 0.9990361445783132 0
1650447381679 0.9990361445783132 0
1650447381690 0.9990361445783132 0
1650447381719 0.9990361445783132 0
1650447381731 0.9990361445783132 0
1650447381742 0.9990361445783132 0
1650447381752 0.9990361445783132 0
1650447381762 0.9990361445783132 0
1650447381772 0.9990361445783132 0
1650447381801 0.9990361445783132 0
1650447381823 0.9990361445783132 0
1650447381919 0.9990361445783132 0
1650447381936 0.9990361445783132 0
1650447381955 0.9990361445783132 0
