1650447360489 0.9988170865279299 0
1650447360518 0.9988170865279299 0
1650447360529 0.9988170865279299 0
1650447360538 0.9988170865279299 0
1650447360581 0.9988170865279299 0
1650447360614 0.9988170865279299 0
1650447360651 0.9988170865279299 0
1650447360719 0.9988170865279299 0
1650447360765 0.9988170865279299 0
1650447360814 0.9988170865279299 0
1650447360861 0.9988170865279299 0
1650447360935 0.9988170865279299 0
1650447360981 0.9988170865279299 0
1650447361017 0.9988170865279299 0
1650447361037 0.9988170865279299 0
1650447361066 0.9988170865279299 0
1650447361106 0.9988170865279299 0
1650447361139 0.9988170865279299 0
1650447361230 0.9988170865279299 0
1650447361285 0.9988170865279299 0
1650447361321 0.9988170865279299 0
1650447361344 0.9988170865279299 0
1650447361354 0.9988170865279299 0
1650447361368 0.9988170865279299 0
1650447361382 0.9988170865279299 0
1650447361396 0.9988170865279299 0
1650447361409 0.9988170865279299 0
1650447361421 0.9988170865279299 0
1650447361432 0.9988170865279299 0
1650447361443 0.9988170865279299 0
1650447361454 0.9988170865279299 0
1650447361463 0.9988170865279299 0
1650447361476 0.9988170865279299 0
1650447361494 0.9988170865279299 0
1650447361543 0.9988170865279299 0
1650447361554 0.9988170865279299 0
1650447361564 0.9988170865279299 0
1650447361573 0.9988170865279299 0
1650447361593 0.9988170865279299 0
1650447361609 0.9988170865279299 0
