1650447367523 0.9985980284775465 0
1650447367535 0.9985980284775465 0
1650447367545 0.9985980284775465 0
1650447367578 0.9985980284775465 0
1650447367599 0.9985980284775465 0
1650447367669 0.9985980284775465 0
1650447367712 0.9985980284775465 0
1650447367755 0.9985980284775465 0
1650447367791 0.9985980284775465 0
1650447367814 0.9985980284775465 0
1650447367824 0.9985980284775465 0
1650447367835 0.9985980284775465 0
1650447367872 0.9985980284775465 0
1650447367887 0.9985980284775465 0
1650447367896 0.9985980284775465 0
1650447367921 0.9985980284775465 0
1650447367935 0.9985980284775465 0
1650447367944 0.9985980284775465 0
1650447367977 0.9985980284775465 0
1650447367994 0.9985980284775465 0
1650447368019 0.9985980284775465 0
1650447368028 0.9985980284775465 0
1650447368037 0.9985980284775465 0
1650447368048 0.9985980284775465 0
1650447368067 0.9985980284775465 0
1650447368081 0.9985980284775465 0
1650447368093 0.9985980284775465 0
1650447368103 0.9985980284775465 0
1650447368113 0.9985980284775465 0
1650447368123 0.9985980284775465 0
1650447368134 0.9985980284775465 0
1650447368143 0.9985980284775465 0
1650447368151 0.9985980284775465 0
1650447368162 0.9985980284775465 0
1650447368172 0.9985980284775465 0
1650447368209 0.9985980284775465 0
1650447368318 0.9985980284775465 0
1650447368413 0.9985980284775465 0
1650447368475 0.9985980284775465 0
1650447368487 0.9985980284775465 0
