1650447370230 0.9987732211706976 0
1650447370245 0.9987732211706976 0
1650447370260 0.9987732211706976 0
1650447370275 0.9987732211706976 0
1650447370285 0.9987732211706976 0
1650447370295 0.9987732211706976 0
1650447370315 0.9987732211706976 0
1650447370376 0.9987732211706976 0
1650447370470 0.9987732211706976 0
1650447370563 0.9987732211706976 0
1650447370608 0.9987732211706976 0
1650447370652 0.9987732211706976 0
1650447370673 0.9987732211706976 0
1650447370689 0.9987732211706976 0
1650447370709 0.9987732211706976 0
1650447370733 0.9987732211706976 0
1650447370767 0.9987732211706976 0
1650447370786 0.9987732211706976 0
1650447370796 0.9987732211706976 0
1650447370819 0.9987732211706976 0
1650447370830 0.9987732211706976 0
1650447370839 0.9987732211706976 0
1650447370872 0.9987732211706976 0
1650447370891 0.9987732211706976 0
1650447370911 0.9987732211706976 0
1650447370927 0.9987732211706976 0
1650447370946 0.9987732211706976 0
1650447371007 0.9987732211706976 0
1650447371042 0.9987732211706976 0
1650447371079 0.9987732211706976 0
1650447371114 0.9987732211706976 0
1650447371132 0.9987732211706976 0
1650447371146 0.9987732211706976 0
1650447371161 0.9987732211706976 0
1650447371176 0.9987732211706976 0
1650447371197 0.9987732211706976 0
1650447371266 0.9987732211706976 0
1650447371324 0.9987732211706976 0
1650447371348 0.9987732211706976 0
1650447371374 0.9987732211706976 0
