1650447377964 0.99907995618839 0
1650447378011 0.99907995618839 0
1650447378056 0.99907995618839 0
1650447378122 0.99907995618839 0
1650447378170 0.99907995618839 0
1650447378211 0.99907995618839 0
1650447378255 0.99907995618839 0
1650447378302 0.99907995618839 0
1650447378342 0.99907995618839 0
1650447378389 0.99907995618839 0
1650447378463 0.99907995618839 0
1650447378509 0.99907995618839 0
1650447378550 0.99907995618839 0
1650447378588 0.99907995618839 0
1650447378631 0.99907995618839 0
1650447378702 0.99907995618839 0
1650447378747 0.99907995618839 0
1650447378766 0.99907995618839 0
1650447378832 0.99907995618839 0
1650447378882 0.99907995618839 0
1650447378892 0.99907995618839 0
1650447378901 0.99907995618839 0
1650447378911 0.99907995618839 0
1650447378920 0.99907995618839 0
1650447378935 0.99907995618839 0
1650447378944 0.99907995618839 0
1650447378954 0.99907995618839 0
1650447378966 0.99907995618839 0
1650447378980 0.99907995618839 0
1650447378989 0.99907995618839 0
1650447378998 0.99907995618839 0
1650447379009 0.99907995618839 0
1650447379021 0.99907995618839 0
1650447379066 0.99907995618839 0
1650447379106 0.99907995618839 0
1650447379121 0.99907995618839 0
1650447379133 0.99907995618839 0
1650447379156 0.99907995618839 0
1650447379176 0.99907995618839 0
1650447379199 0.99907995618839 0
