1650447416124 0.9985980284775465 0
1650447416142 0.9985980284775465 0
1650447416177 0.9985980284775465 0
1650447416188 0.9985980284775465 0
1650447416215 0.9985980284775465 0
1650447416228 0.9985980284775465 0
1650447416239 0.9985980284775465 0
1650447416262 0.9985980284775465 0
1650447416273 0.9985980284775465 0
1650447416283 0.9985980284775465 0
1650447416305 0.9985980284775465 0
1650447416329 0.9985980284775465 0
1650447416371 0.9985980284775465 0
1650447416382 0.9985980284775465 0
1650447416407 0.9985980284775465 0
1650447416426 0.9985980284775465 0
1650447416443 0.9985980284775465 0
1650447416486 0.9985980284775465 0
1650447416516 0.9985980284775465 0
1650447416532 0.9985980284775465 0
1650447416579 0.9985980284775465 0
1650447416596 0.9985980284775465 0
1650447416619 0.9985980284775465 0
1650447416632 0.9985980284775465 0
1650447416643 0.9985980284775465 0
1650447416669 0.9985980284775465 0
1650447416682 0.9985980284775465 0
1650447416697 0.9985980284775465 0
1650447416744 0.9985980284775465 0
1650447416913 0.9985980284775465 0
1650447416986 0.9985980284775465 0
1650447417039 0.9985980284775465 0
1650447417096 0.9985980284775465 0
1650447417149 0.9985980284775465 0
1650447417198 0.9985980284775465 0
1650447417248 0.9985980284775465 0
1650447417297 0.9985980284775465 0
1650447417352 0.9985980284775465 0
1650447417402 0.9985980284775465 0
1650447417442 0.9985980284775465 0
