1650447374422 0.9990361445783132 0
1650447374482 0.9990361445783132 0
1650447374530 0.9990361445783132 0
1650447374601 0.9990361445783132 0
1650447374640 0.9990361445783132 0
1650447374686 0.9990361445783132 0
1650447374731 0.9990361445783132 0
1650447374755 0.9990361445783132 0
1650447374797 0.9990361445783132 0
1650447374837 0.9990361445783132 0
1650447374878 0.9990361445783132 0
1650447374909 0.9990361445783132 0
1650447374946 0.9990361445783132 0
1650447374984 0.9990361445783132 0
1650447375000 0.9990361445783132 0
1650447375035 0.9990361445783132 0
1650447375082 0.9990361445783132 0
1650447375168 0.9990361445783132 0
1650447375213 0.9990361445783132 0
1650447375257 0.9990361445783132 0
1650447375300 0.9990361445783132 0
1650447375353 0.9990361445783132 0
1650447375431 0.9990361445783132 0
1650447375476 0.9990361445783132 0
1650447375529 0.9990361445783132 0
1650447375559 0.9990361445783132 0
1650447375571 0.9990361445783132 0
1650447375580 0.9990361445783132 0
1650447375590 0.9990361445783132 0
1650447375605 0.9990361445783132 0
1650447375614 0.9990361445783132 0
1650447375625 0.9990361445783132 0
1650447375643 0.9990361445783132 0
1650447375659 0.9990361445783132 0
1650447375668 0.9990361445783132 0
1650447375680 0.9990361445783132 0
1650447375697 0.9990361445783132 0
1650447375713 0.9990361445783132 0
1650447375722 0.9990361445783132 0
1650447375732 0.9990361445783132 0
