1650447435819 0.9982475355969331 0
1650447435829 0.9982475355969331 0
1650447435838 0.9982475355969331 0
1650447435849 0.9982475355969331 0
1650447435863 0.9982475355969331 0
1650447435879 0.9982475355969331 0
1650447435891 0.9982475355969331 0
1650447435914 0.9982475355969331 0
1650447435938 0.9982475355969331 0
1650447435965 0.9982475355969331 0
1650447435975 0.9982475355969331 0
1650447435986 0.9982475355969331 0
1650447436023 0.9982475355969331 0
1650447436062 0.9982475355969331 0
1650447436073 0.9982475355969331 0
1650447436086 0.9982475355969331 0
1650447436096 0.9982475355969331 0
1650447436133 0.9982475355969331 0
1650447436144 0.9982475355969331 0
1650447436168 0.9982475355969331 0
1650447436179 0.9982475355969331 0
1650447436188 0.9982475355969331 0
1650447436214 0.9982475355969331 0
1650447436243 0.9982475355969331 0
1650447436368 0.9982475355969331 0
1650447436416 0.9982475355969331 0
1650447436426 0.9982475355969331 0
1650447436442 0.9982475355969331 0
1650447436455 0.9982475355969331 0
1650447436466 0.9982475355969331 0
1650447436476 0.9982475355969331 0
1650447436505 0.9982475355969331 0
1650447436525 0.9982475355969331 0
1650447436540 0.9982475355969331 0
1650447436576 0.9982475355969331 0
1650447436595 0.9982475355969331 0
1650447436608 0.9982475355969331 0
1650447436628 0.9982475355969331 0
1650447436645 0.9982475355969331 0
1650447436658 0.9982475355969331 0
