1650447422711 0.9981598317560463 0
1650447422732 0.9981598317560463 0
1650447422743 0.9981598317560463 0
1650447422770 0.9981598317560463 0
1650447422786 0.9981598317560463 0
1650447422795 0.9981598317560463 0
1650447422809 0.9981598317560463 0
1650447422843 0.9981598317560463 0
1650447422855 0.9981598317560463 0
1650447422865 0.9981598317560463 0
1650447422876 0.9981598317560463 0
1650447422889 0.9981598317560463 0
1650447422900 0.9981598317560463 0
1650447422914 0.9981598317560463 0
1650447422941 0.9981598317560463 0
1650447422953 0.9981598317560463 0
1650447422965 0.9981598317560463 0
1650447422977 0.9981598317560463 0
1650447422986 0.9981598317560463 0
1650447422995 0.9981598317560463 0
1650447423011 0.9981598317560463 0
1650447423020 0.9981598317560463 0
1650447423029 0.9981598317560463 0
1650447423045 0.9981598317560463 0
1650447423061 0.9981598317560463 0
1650447423072 0.9981598317560463 0
1650447423093 0.9981598317560463 0
1650447423116 0.9981598317560463 0
1650447423156 0.9981598317560463 0
1650447423171 0.9981598317560463 0
1650447423184 0.9981598317560463 0
1650447423195 0.9981598317560463 0
1650447423212 0.9981598317560463 0
1650447423226 0.9981598317560463 0
1650447423274 0.9981598317560463 0
1650447423496 0.9981598317560463 0
1650447423550 0.9981598317560463 0
1650447423593 0.9981598317560463 0
1650447423642 0.9981598317560463 0
1650447423693 0.9981598317560463 0
