1650447358714 0.9988170347003155 0
1650447358726 0.9988170347003155 0
1650447358734 0.9988170347003155 0
1650447358749 0.9988170347003155 0
1650447358758 0.9988170347003155 0
1650447358769 0.9988170347003155 0
1650447358778 0.9988170347003155 0
1650447358786 0.9988170347003155 0
1650447358807 0.9988170347003155 0
1650447358825 0.9988170347003155 0
1650447358839 0.9988170347003155 0
1650447358872 0.9988170347003155 0
1650447358885 0.9988170347003155 0
1650447358894 0.9988170347003155 0
1650447358903 0.9988170347003155 0
1650447358917 0.9988170347003155 0
1650447358927 0.9988170347003155 0
1650447358954 0.9988170347003155 0
1650447358979 0.9988170347003155 0
1650447359003 0.9988170347003155 0
1650447359012 0.9988170347003155 0
1650447359022 0.9988170347003155 0
1650447359031 0.9988170347003155 0
1650447359050 0.9988170347003155 0
1650447359060 0.9988170347003155 0
1650447359072 0.9988170347003155 0
1650447359083 0.9988170347003155 0
1650447359092 0.9988170347003155 0
1650447359100 0.9988170347003155 0
1650447359109 0.9988170347003155 0
1650447359123 0.9988170347003155 0
1650447359134 0.9988170347003155 0
1650447359167 0.9988170347003155 0
1650447359176 0.9988170347003155 0
1650447359186 0.9988170347003155 0
1650447359194 0.9988170347003155 0
1650447359202 0.9988170347003155 0
1650447359215 0.9988170347003155 0
1650447359227 0.9988170347003155 0
1650447359237 0.9988170347003155 0
