1650447410499 0.9988170865279299 0
1650447410545 0.9988170865279299 0
1650447410572 0.9988170865279299 0
1650447410612 0.9988170865279299 0
1650447410648 0.9988170865279299 0
1650447410679 0.9988170865279299 0
1650447410726 0.9988170865279299 0
1650447410756 0.9988170865279299 0
1650447410793 0.9988170865279299 0
1650447410838 0.9988170865279299 0
1650447410853 0.9988170865279299 0
1650447410885 0.9988170865279299 0
1650447410919 0.9988170865279299 0
1650447410952 0.9988170865279299 0
1650447410997 0.9988170865279299 0
1650447411042 0.9988170865279299 0
1650447411081 0.9988170865279299 0
1650447411111 0.9988170865279299 0
1650447411152 0.9988170865279299 0
1650447411201 0.9988170865279299 0
1650447411246 0.9988170865279299 0
1650447411294 0.9988170865279299 0
1650447411333 0.9988170865279299 0
1650447411386 0.9988170865279299 0
1650447411427 0.9988170865279299 0
1650447411453 0.9988170865279299 0
1650447411485 0.9988170865279299 0
1650447411521 0.9988170865279299 0
1650447411558 0.9988170865279299 0
1650447411616 0.9988170865279299 0
1650447411660 0.9988170865279299 0
1650447411705 0.9988170865279299 0
1650447411747 0.9988170865279299 0
1650447411783 0.9988170865279299 0
1650447411835 0.9988170865279299 0
1650447411874 0.9988170865279299 0
1650447411901 0.9988170865279299 0
1650447411933 0.9988170865279299 0
1650447412121 0.9988170865279299 0
1650447412200 0.9988170865279299 0
