1650447438112 0.9981161007667032 0
1650447438123 0.9981161007667032 0
1650447438162 0.9981161007667032 0
1650447438204 0.9981161007667032 0
1650447438237 0.9981161007667032 0
1650447438279 0.9981161007667032 0
1650447438295 0.9981161007667032 0
1650447438321 0.9981161007667032 0
1650447438343 0.9981161007667032 0
1650447438368 0.9981161007667032 0
1650447438378 0.9981161007667032 0
1650447438393 0.9981161007667032 0
1650447438418 0.9981161007667032 0
1650447438427 0.9981161007667032 0
1650447438437 0.9981161007667032 0
1650447438453 0.9981161007667032 0
1650447438463 0.9981161007667032 0
1650447438474 0.9981161007667032 0
1650447438485 0.9981161007667032 0
1650447438495 0.9981161007667032 0
1650447438510 0.9981161007667032 0
1650447438521 0.9981161007667032 0
1650447438538 0.9981161007667032 0
1650447438559 0.9981161007667032 0
1650447438572 0.9981161007667032 0
1650447438588 0.9981161007667032 0
1650447438598 0.9981161007667032 0
1650447438624 0.9981161007667032 0
1650447438653 0.9981161007667032 0
1650447438693 0.9981161007667032 0
1650447438742 0.9981161007667032 0
1650447438774 0.9981161007667032 0
1650447438812 0.9981161007667032 0
1650447438821 0.9981161007667032 0
1650447438836 0.9981161007667032 0
1650447438846 0.9981161007667032 0
1650447438856 0.9981161007667032 0
1650447438869 0.9981161007667032 0
1650447438880 0.9981161007667032 0
1650447438894 0.9981161007667032 0
