1650447397154 0.9985541535226078 0
1650447397209 0.9985541535226078 0
1650447397247 0.9985541535226078 0
1650447397299 0.9985541535226078 0
1650447397448 0.9985541535226078 0
1650447397516 0.9985541535226078 0
1650447397585 0.9985541535226078 0
1650447397644 0.9985541535226078 0
1650447397698 0.9985541535226078 0
1650447397759 0.9985541535226078 0
1650447397818 0.9985541535226078 0
1650447397961 0.9985541535226078 0
1650447398018 0.9985541535226078 0
1650447398147 0.9985541535226078 0
1650447398213 0.9985541535226078 0
1650447398259 0.9985541535226078 0
1650447398308 0.9985541535226078 0
1650447398358 0.9985541535226078 0
1650447398432 0.9985541535226078 0
1650447398510 0.9985541535226078 0
1650447398586 0.9985541535226078 0
1650447398712 0.9985541535226078 0
1650447398760 0.9985541535226078 0
1650447398836 0.9985541535226078 0
1650447398886 0.9985541535226078 0
1650447398942 0.9985541535226078 0
1650447399101 0.9985541535226078 0
1650447399168 0.9985541535226078 0
1650447399213 0.9985541535226078 0
1650447399266 0.9985541535226078 0
1650447399321 0.9985541535226078 0
1650447399423 0.9985541535226078 0
1650447399481 0.9985541535226078 0
1650447399537 0.9985541535226078 0
1650447399598 0.9985541535226078 0
1650447399650 0.9985541535226078 0
1650447399704 0.9985541535226078 0
1650447399748 0.9985541535226078 0
1650447399837 0.9985541535226078 0
1650447399887 0.9985541535226078 0
