1650447404305 0.9985104052573932 0
1650447404351 0.9985104052573932 0
1650447404388 0.9985104052573932 0
1650447404434 0.9985104052573932 0
1650447404477 0.9985104052573932 0
1650447404527 0.9985104052573932 0
1650447404566 0.9985104052573932 0
1650447404603 0.9985104052573932 0
1650447404702 0.9985104052573932 0
1650447404773 0.9985104052573932 0
1650447404816 0.9985104052573932 0
1650447404864 0.9985104052573932 0
1650447404915 0.9985104052573932 0
1650447404960 0.9985104052573932 0
1650447405064 0.9985104052573932 0
1650447405109 0.9985104052573932 0
1650447405150 0.9985104052573932 0
1650447405207 0.9985104052573932 0
1650447405271 0.9985104052573932 0
1650447405335 0.9985104052573932 0
1650447405377 0.9985104052573932 0
1650447405423 0.9985104052573932 0
1650447405469 0.9985104052573932 0
1650447405526 0.9985104052573932 0
1650447405550 0.9985104052573932 0
1650447405596 0.9985104052573932 0
1650447405640 0.9985104052573932 0
1650447405680 0.9985104052573932 0
1650447405737 0.9985104052573932 0
1650447405791 0.9985104052573932 0
1650447405832 0.9985104052573932 0
1650447405878 0.9985104052573932 0
1650447405941 0.9985104052573932 0
1650447405987 0.9985104052573932 0
1650447406026 0.9985104052573932 0
1650447406070 0.9985104052573932 0
1650447406108 0.9985104052573932 0
1650447406254 0.9985104052573932 0
1650447406313 0.9985104052573932 0
1650447406342 0.9985104052573932 0
